1.429324139644039806e-12
2.499270577974325843e-12
4.370582153124117560e-12
7.644533959660441031e-12
1.330741567029476139e-11
2.338947042968178728e-11
4.092175476292287399e-11
7.161078952653374935e-11
1.253420641217617417e-10
2.194415696744819484e-10
3.842925043867418553e-10
6.732020237085334934e-10
1.179752891843953127e-09
2.068343407819637111e-09
3.628037920232237217e-09
6.367287995061439774e-09
1.118291209372681614e-08
1.965520807215827002e-08
3.457749195249779396e-08
6.089387901249887144e-08
1.073686393571175088e-07
1.895837457939766698e-07
3.353183957606198260e-07
5.942330129690228062e-07
1.055521358890424189e-06
1.880035258723753015e-06
3.359501108399071502e-06
6.026503086738034415e-06
1.086104473098162915e-05
1.968372804521496689e-05
3.591627134072710847e-05
6.608182079538351696e-05
1.228353138071908298e-04
2.312660461645768453e-04
4.424818959855141834e-04
8.642028964254004934e-04
1.733484446368061633e-03
3.601351435870184595e-03
7.839398641349488300e-03
1.814514443259421239e-02
4.512770944454459754e-02
1.162103722186032112e-01
2.623035799052386707e-01
4.488448774335892510e-01
6.149026812470954617e-01
7.389580906957932127e-01
8.236421298002604141e-01
8.784249357359931176e-01
9.130022975618939940e-01
9.349231309034089499e-01
9.491851727973489306e-01
9.588026218380901744e-01
9.655318409470272645e-01
9.704012616093586896e-01
9.740285224671564324e-01
9.767971299447001376e-01
9.789536426825017346e-01
9.806619254412016762e-01
9.820342481588583139e-01
9.831496638319251469e-01
9.840652083494079161e-01
9.848229310520313362e-01
9.854544313233457586e-01
9.859838613424722897e-01
9.864299604574636726e-01
9.868074631375175487e-01
9.871280925647484272e-01
9.874012744109792461e-01
9.876346579953451110e-01
9.878345026786774508e-01
9.880059682102851903e-01
9.881533356731915241e-01
9.882801777271187360e-01
9.883894911025250529e-01
9.884838007832845719e-01
9.885652427281191867e-01
9.886356300702024980e-01
9.886965065650783480e-01
9.887491900682336965e-01
9.887948081281376922e-01
9.888343273551866153e-01
9.888685777826178303e-01
9.888982731868752873e-01
9.889240281335138771e-01
9.889463723462764699e-01
9.889657628387775734e-01
9.889825942319591112e-01
9.889972075147123176e-01
9.890098975369207013e-01
9.890209193929627718e-01
9.890304939080719615e-01
9.890388123360817074e-01
9.890460403877530116e-01
9.890523217080313678e-01
9.890577808512245328e-01
9.890625258622357530e-01
9.890666504860742281e-01
9.890702360868088849e-01
9.890733533018308821e-01
9.890760634612577595e-01
